
===== farc =====
c,x_before_farc_energy,x_before_farc_grad_energy,freq_farc_scalar,freq_farc_scalar_grad,gates_farc,gates_farc_grad,y_farc_energy,y_farc_grad_energy
0,0.107891,0.000009,0.047446,-0.000730,0.461373,0.000578,0.049778,0.000032
1,0.166884,0.000015,0.068787,0.000656,0.475751,0.005340,0.079395,0.000063
2,0.132632,0.000002,0.039838,0.000588,0.396461,-0.002004,0.052583,0.000067
3,0.112881,0.000067,0.030783,0.001602,0.466026,-0.009217,0.052605,0.000156
4,0.172331,0.000035,0.009472,0.000058,0.541074,-0.002065,0.093244,0.000043
5,0.088346,0.000009,0.041548,0.000091,0.526655,-0.000981,0.046528,0.000015
6,0.098986,0.000001,0.041193,-0.000767,0.392614,-0.001153,0.038863,0.000015
7,0.162681,0.000000,0.067318,0.000112,0.326476,-0.001858,0.053111,0.000016
8,0.100342,0.000003,0.044171,0.000946,0.453199,-0.000921,0.045475,0.000017
9,0.109545,0.000025,0.046217,-0.001201,0.519191,0.003460,0.056875,0.000037
10,0.213625,0.000087,0.060853,-0.000863,0.565343,0.002159,0.120772,0.000104
11,0.221580,0.000001,0.051182,-0.000149,0.562705,-0.000085,0.124684,0.000001
12,0.186223,0.000001,0.075622,0.000321,0.428464,-0.001158,0.079790,0.000016
13,0.126152,0.000001,0.034347,0.000683,0.429136,-0.000267,0.054136,0.000004
14,0.090691,0.000065,0.030241,-0.001641,0.506923,0.007750,0.045973,0.000155
15,0.138728,0.000032,0.055328,0.000032,0.546706,0.003521,0.075844,0.000040
16,0.039239,0.000002,0.024174,0.001119,0.395445,-0.000191,0.015517,0.000045
17,0.089518,0.000004,0.025547,0.000124,0.458840,-0.001027,0.041075,0.000015
18,0.039857,0.000069,0.019019,-0.000310,0.561724,-0.001866,0.022389,0.000072
19,0.230522,0.000054,0.041484,-0.000176,0.586060,-0.001210,0.135100,0.000064
20,0.146541,0.000006,0.046169,-0.000448,0.459423,-0.000687,0.067324,0.000016
21,0.042246,0.000046,0.018600,-0.000177,0.538055,0.001329,0.022731,0.000053
22,0.249368,0.000035,0.028061,0.000471,0.544603,-0.002264,0.135806,0.000044
23,0.161819,0.000016,0.043211,0.000033,0.561084,0.000386,0.090794,0.000021
24,0.084047,0.000025,0.020525,-0.000541,0.456514,-0.005055,0.038368,0.000077
25,0.252602,0.000004,0.013472,0.001534,0.562039,-0.000632,0.141972,0.000007
26,0.056014,0.000003,0.021684,-0.000373,0.352652,0.002721,0.019753,0.000058
27,0.033055,0.000015,0.017558,-0.000012,0.547332,0.001154,0.018092,0.000018
28,0.106800,0.000022,0.051276,-0.000450,0.481287,0.000271,0.051401,0.000029
29,0.149819,0.000011,0.060785,-0.000195,0.474773,0.000616,0.071130,0.000030
30,0.330841,0.000042,0.032866,-0.001994,0.701256,-0.000445,0.232004,0.000043
31,0.143325,0.000013,0.037983,0.000933,0.474254,-0.000606,0.067972,0.000027
32,0.095149,0.000019,0.043033,0.000670,0.498276,-0.000402,0.047411,0.000033
33,0.199339,0.000022,0.075261,0.000969,0.432369,-0.009762,0.086188,0.000089
34,0.144345,0.000002,0.056640,0.000372,0.383724,-0.002071,0.055389,0.000023
35,0.225602,0.000023,0.090642,-0.001417,0.565929,-0.002473,0.127675,0.000032
36,0.168500,0.000033,0.063037,-0.000664,0.625194,0.002450,0.105345,0.000034
37,0.024067,0.000000,0.002183,0.000093,0.281686,0.000399,0.006779,0.000030
38,0.160514,0.000000,0.066667,0.000093,0.284879,-0.002986,0.045727,0.000050
39,0.077727,0.000001,0.031423,0.001791,0.342470,0.001446,0.026619,0.000088
40,0.167787,0.000008,0.015133,-0.000515,0.683308,0.000122,0.114650,0.000009
41,0.051830,0.000001,0.024047,0.000164,0.385995,-0.000237,0.020006,0.000031
42,0.129407,0.000043,0.051061,-0.000104,0.479701,0.000044,0.062077,0.000070
43,0.297230,0.000028,0.035273,0.001473,0.486825,0.009135,0.144699,0.000068
44,0.222307,0.000011,0.083153,-0.001660,0.405115,-0.001751,0.090060,0.000069
45,0.091659,0.000004,0.036725,-0.000371,0.409780,0.002593,0.037560,0.000028
46,0.059853,0.000046,0.015854,0.000773,0.547027,-0.006001,0.032741,0.000051
47,0.202692,0.000029,0.060608,-0.001270,0.549625,-0.002036,0.111405,0.000033
48,0.096795,0.000027,0.043814,-0.001067,0.504594,0.001268,0.048842,0.000056
49,0.326294,0.000002,0.010085,0.001721,0.487710,0.000357,0.159137,0.000005
50,0.257837,0.000002,0.091004,0.000290,0.438836,-0.000226,0.113148,0.000008
51,0.080122,0.000012,0.022215,-0.001273,0.529249,-0.001503,0.042404,0.000017
52,0.180657,0.000003,0.031158,0.000825,0.462915,-0.000737,0.083629,0.000012
53,0.101165,0.000034,0.033474,0.000073,0.540364,0.001168,0.054666,0.000038
54,0.219573,0.000001,0.099697,0.000223,0.457372,-0.000203,0.100426,0.000006
55,0.059020,0.000007,0.026401,-0.000169,0.474510,-0.000810,0.028006,0.000015
56,0.051016,0.000014,0.020050,-0.000908,0.408542,0.003182,0.020842,0.000054
57,0.240831,0.000082,0.039971,-0.000918,0.575395,0.002923,0.138573,0.000099
58,0.179267,0.000006,0.035106,0.000557,0.519397,0.001201,0.093111,0.000012
59,0.052976,0.000005,0.018987,-0.000601,0.499484,-0.000524,0.026460,0.000009
60,0.062524,0.000026,0.027601,0.001198,0.537631,-0.000827,0.033615,0.000040
61,0.175375,0.000002,0.062378,0.000353,0.460813,-0.000374,0.080815,0.000005
62,0.084505,0.000063,0.034563,-0.000179,0.518375,0.002397,0.043805,0.000081
63,0.127864,0.000019,0.036414,0.000133,0.473673,0.001956,0.060566,0.000030
64,0.064541,0.000038,0.025312,0.000009,0.504362,-0.008229,0.032552,0.000071
65,0.051970,0.000009,0.025027,0.001532,0.460245,-0.001122,0.023919,0.000015
66,0.136447,0.000075,0.053740,-0.000081,0.566478,0.000126,0.077294,0.000084
67,0.468333,0.000036,0.028580,0.000081,0.749889,-0.001901,0.351198,0.000036
68,0.050524,0.000000,0.022595,0.000086,0.339955,-0.001106,0.017176,0.000008
69,0.295232,0.000010,0.030605,0.000553,0.439899,0.000958,0.129872,0.000021
70,0.100460,0.000000,0.046378,0.000892,0.099431,-0.001098,0.009989,0.000038
71,0.114232,0.000004,0.030841,-0.000079,0.440489,-0.000620,0.050318,0.000025
72,0.060910,0.000002,0.026188,0.002345,0.434406,0.000537,0.026460,0.000006
73,0.148927,0.000007,0.055374,0.000891,0.515412,-0.000679,0.076759,0.000010
74,0.090989,0.000075,0.038934,-0.000698,0.455004,0.003103,0.041400,0.000191
75,0.042358,0.000000,0.020374,-0.001226,0.433071,0.000142,0.018344,0.000002
76,0.098297,0.000006,0.025005,-0.000450,0.525746,-0.000107,0.051679,0.000010
77,0.088679,0.000020,0.015672,0.000314,0.533948,-0.002089,0.047350,0.000028
78,0.076617,0.000040,0.038224,-0.000077,0.510734,-0.000227,0.039131,0.000073
79,0.125425,0.000001,0.035528,0.002162,0.350851,-0.001829,0.044005,0.000050
80,0.236987,0.000011,0.060714,0.000397,0.504720,0.000524,0.119612,0.000014
81,0.083992,0.000009,0.040222,-0.000099,0.512103,-0.001063,0.043013,0.000011
82,0.091796,0.000056,0.038461,0.000943,0.489027,-0.003792,0.044891,0.000090
83,0.197717,0.000053,0.077551,0.000474,0.594752,-0.000573,0.117593,0.000058
84,0.059158,0.000007,0.025966,0.000812,0.465174,-0.000452,0.027519,0.000018
85,0.053754,0.000015,0.012215,-0.001140,0.559535,-0.000579,0.030077,0.000018
86,0.020947,0.000010,0.015744,0.000403,0.512522,-0.001059,0.010736,0.000014
87,0.070863,0.000006,0.032894,-0.000925,0.394948,-0.004489,0.027987,0.000088
88,0.161214,0.000019,0.065571,0.000841,0.537487,0.001085,0.086650,0.000022
89,0.552964,0.000031,0.254566,0.000610,0.438333,0.006224,0.242382,0.000127
90,0.100323,0.000005,0.043891,-0.000672,0.450638,-0.000469,0.045209,0.000016
91,0.140774,0.000053,0.056997,-0.000528,0.522465,0.005920,0.073549,0.000071
92,0.204509,0.000004,0.080543,-0.000688,0.431569,-0.000471,0.088260,0.000012
93,0.175418,0.000028,0.029356,-0.000113,0.540099,0.001410,0.094743,0.000037
94,0.066739,0.000006,0.027821,0.001033,0.504276,0.000677,0.033655,0.000014
95,0.204758,0.000001,0.082180,-0.000429,0.418717,0.000169,0.085735,0.000011
96,0.089516,0.000045,0.031534,0.001322,0.540180,0.002645,0.048355,0.000058
97,0.094428,0.000048,0.040047,0.000449,0.439629,0.007170,0.041513,0.000226
98,0.053435,0.000006,0.017623,-0.001180,0.540574,-0.000572,0.028886,0.000015
99,0.178985,0.000002,0.066271,0.000048,0.352462,-0.000846,0.063085,0.000045
100,0.212393,0.000019,0.061472,0.000661,0.495900,0.002476,0.105326,0.000033
101,0.058924,0.000079,0.028660,-0.001279,0.540834,0.000230,0.031868,0.000090
102,0.102588,0.000008,0.045708,-0.001005,0.638377,-0.000295,0.065490,0.000008
103,0.113993,0.000008,0.042383,0.000505,0.481763,-0.001824,0.054918,0.000026
104,0.124275,0.000077,0.052286,0.000410,0.500033,0.002304,0.062141,0.000089
105,0.029249,0.000000,0.014368,-0.000233,0.055129,-0.001662,0.001612,0.000028
106,0.083279,0.000000,0.035190,0.000939,0.411975,0.000017,0.034309,0.000007
107,0.074295,0.000003,0.057878,0.000326,0.449142,0.001370,0.033369,0.000018
108,0.050458,0.000011,0.021711,-0.000645,0.429987,-0.000824,0.021696,0.000028
109,0.164467,0.000000,0.062845,0.000202,0.355248,-0.001788,0.058426,0.000049
110,0.092053,0.000013,0.038204,0.001159,0.531329,-0.000818,0.048911,0.000019
111,0.156974,0.000031,0.009151,0.000395,0.462924,0.006788,0.072667,0.000100
112,0.181411,0.000007,0.083260,0.000290,0.491094,-0.000874,0.089090,0.000011
113,0.179564,0.000013,0.043853,-0.000731,0.521919,0.001133,0.093718,0.000019
114,0.154801,0.000041,0.062852,0.000010,0.510829,0.000887,0.079077,0.000063
115,0.209184,0.000015,0.098143,-0.000167,0.472205,-0.002317,0.098778,0.000049
116,0.144573,0.000028,0.058505,-0.000640,0.493782,0.000193,0.071387,0.000039
117,0.399004,0.000011,0.048345,0.001190,0.490060,0.001027,0.195536,0.000035
118,0.065612,0.000002,0.030278,-0.000947,0.399676,0.000458,0.026223,0.000036
119,0.139303,0.000023,0.081216,-0.000774,0.504698,0.001816,0.070306,0.000038
120,0.079141,0.000001,0.028365,0.000160,0.421948,-0.000029,0.033393,0.000012
121,0.264158,0.000008,0.019127,-0.000115,0.546999,0.001014,0.144494,0.000019
122,0.136335,0.000008,0.048940,0.000176,0.458116,0.001383,0.062457,0.000031
123,0.086013,0.000025,0.033339,0.000734,0.538200,0.002468,0.046292,0.000026
124,0.151116,0.000020,0.032790,-0.000476,0.506270,-0.000704,0.076505,0.000025
125,0.069658,0.000003,0.030153,0.000326,0.402379,0.000347,0.028029,0.000044
126,0.128548,0.000020,0.048544,-0.000445,0.622433,0.000594,0.080012,0.000020
127,0.035482,0.000000,0.014844,-0.001104,0.230433,0.002960,0.008176,0.000085
128,0.031887,0.000062,0.009541,0.001732,0.477745,-0.002703,0.015234,0.000098
129,0.131137,0.000002,0.052154,0.000361,0.424640,-0.001746,0.055686,0.000030
130,0.076184,0.000061,0.031654,-0.000583,0.482487,-0.003804,0.036758,0.000090
131,0.128737,0.000002,0.026522,0.000332,0.514181,-0.000171,0.066194,0.000004
132,0.138372,0.000014,0.073443,0.000441,0.488897,-0.001223,0.067650,0.000023
133,0.069468,0.000144,0.022980,0.000427,0.567241,0.022296,0.039405,0.000156
134,0.056743,0.000000,0.022172,0.000068,0.238446,-0.002386,0.013530,0.000033
135,0.172821,0.000028,0.045955,0.000850,0.475696,-0.003471,0.082210,0.000075
136,0.059361,0.000002,0.026916,0.001429,0.431794,0.000741,0.025632,0.000015
137,0.179174,0.000008,0.075866,-0.000681,0.422096,0.000131,0.075629,0.000028
138,0.106714,0.000026,0.045004,-0.000846,0.487906,0.007906,0.052066,0.000058
139,0.133227,0.000039,0.014663,0.000341,0.542105,0.001454,0.072223,0.000046
140,0.110177,0.000000,0.046586,-0.000460,0.272400,-0.000619,0.030012,0.000047
141,0.283697,0.000033,0.118408,0.000404,0.526362,0.001468,0.149327,0.000046
142,0.132606,0.000007,0.052895,0.001427,0.508395,-0.000428,0.067416,0.000015
143,0.146664,0.000001,0.063659,-0.000458,0.412496,-0.000784,0.060499,0.000021
144,0.188905,0.000002,0.083407,0.000325,0.423704,-0.000521,0.080040,0.000011
145,0.106515,0.000012,0.024494,-0.000632,0.432090,-0.007465,0.046024,0.000052
146,0.173962,0.000001,0.074682,-0.000569,0.423415,-0.000957,0.073658,0.000011
147,0.133703,0.000003,0.047745,0.000456,0.486521,0.000494,0.065049,0.000007
148,0.119850,0.000005,0.030359,0.001552,0.504517,-0.000024,0.060466,0.000008
149,0.129041,0.000039,0.044252,0.000161,0.549233,0.002086,0.070874,0.000043
150,0.037170,0.000000,0.015001,-0.001402,0.280241,0.000260,0.010417,0.000007
151,0.107850,0.000013,0.045509,0.000746,0.472503,-0.000198,0.050959,0.000058
152,0.494066,0.000020,0.158323,-0.001047,0.519797,-0.001456,0.256814,0.000044
153,0.138324,0.000001,0.034530,0.000787,0.344900,0.000344,0.047708,0.000034
154,0.047669,0.000035,0.026842,-0.000205,0.452578,0.003068,0.021574,0.000110
155,0.060455,0.000072,0.023343,0.000318,0.502334,0.002056,0.030369,0.000102
156,0.137087,0.000016,0.057348,-0.000520,0.428873,0.004000,0.058793,0.000060
157,0.297669,0.000066,0.073245,0.000551,0.544935,0.001998,0.162210,0.000076
158,0.146584,0.000001,0.065801,0.002232,0.353410,0.002522,0.051804,0.000044
159,0.100381,0.000000,0.041517,0.000573,0.289628,-0.000188,0.029073,0.000003
160,0.077115,0.000003,0.037086,0.000193,0.548363,0.000202,0.042287,0.000003
161,0.382935,0.000002,0.178317,-0.000226,0.452508,0.000531,0.173281,0.000010
162,0.056840,0.000008,0.016874,0.001337,0.494056,-0.001939,0.028082,0.000021
163,0.135865,0.000004,0.044062,-0.000342,0.476522,0.000043,0.064742,0.000011
164,0.446071,0.000037,0.198732,-0.000463,0.434914,-0.005183,0.194002,0.000091
165,0.397619,0.000008,0.065045,0.000044,0.446014,-0.001703,0.177343,0.000024
166,0.033951,0.000010,0.015814,0.001001,0.436466,0.000633,0.014819,0.000060
167,0.105006,0.000007,0.036341,0.000086,0.452248,0.002006,0.047489,0.000030
168,0.290988,0.000007,0.116742,0.000204,0.499792,-0.001804,0.145433,0.000018
169,0.208635,0.000046,0.041676,0.000513,0.561650,-0.002930,0.117180,0.000057
170,0.076549,0.000007,0.026444,0.000707,0.477455,-0.000168,0.036549,0.000017
171,0.344491,0.000004,0.075959,-0.000840,0.475713,-0.000231,0.163879,0.000007
172,0.138861,0.000022,0.052419,0.000204,0.530032,0.001422,0.073601,0.000027
173,0.109340,0.000005,0.044149,-0.000115,0.473013,-0.001183,0.051719,0.000015
174,0.103750,0.000004,0.016561,0.000031,0.447842,0.001412,0.046464,0.000034
175,0.160516,0.000000,0.068031,0.000632,0.272032,-0.001358,0.043665,0.000014
176,0.161998,0.000013,0.057625,0.000531,0.457406,0.004130,0.074099,0.000039
177,0.036019,0.000011,0.017977,0.000162,0.497233,-0.000127,0.017910,0.000023
178,0.135846,0.000000,0.054467,0.000218,0.217092,-0.001244,0.029491,0.000011
179,0.033330,0.000009,0.015056,-0.000160,0.411777,-0.000870,0.013725,0.000038
180,0.059898,0.000002,0.025883,0.001507,0.395218,-0.000449,0.023673,0.000006
181,0.098555,0.000007,0.048552,0.000947,0.483760,-0.000591,0.047677,0.000024
182,0.098634,0.000126,0.029226,-0.000277,0.437338,0.009701,0.043137,0.000258
183,0.475016,0.000009,0.139450,0.000078,0.472958,-0.000295,0.224663,0.000024
184,0.106970,0.000000,0.037028,-0.000525,0.380836,0.000068,0.040738,0.000001
185,0.059568,0.000010,0.027497,0.000205,0.535277,-0.000025,0.031885,0.000014
186,0.339442,0.000006,0.083831,-0.001290,0.523916,-0.000253,0.177839,0.000011
187,0.128087,0.000002,0.056574,0.000017,0.400951,-0.000529,0.051356,0.000032
188,0.088992,0.000005,0.038137,0.000061,0.454823,0.000758,0.040476,0.000018
189,0.060684,0.000044,0.021477,0.001423,0.485492,0.002511,0.029462,0.000083
190,0.050828,0.000019,0.023848,0.000458,0.535926,0.002903,0.027240,0.000024
191,0.102658,0.000029,0.036736,0.000208,0.512244,0.004130,0.052586,0.000040
