
===== faf =====
c,x_late_energy,x_late_grad_energy,x_early_energy,x_early_grad_energy,attn_faf_1,attn_faf_1_grad,attn_faf_2,attn_faf_2_grad,pure_gated_early_energy,pure_gated_early_grad_energy,pure_gated_late_energy,pure_gated_late_grad_energy,y_faf_energy,y_faf_grad_energy
0,0.180324,0.000198,0.055516,0.000032,0.162608,0.002182,0.012148,0.008855,0.009027,0.000195,0.002191,0.000209,0.181181,0.000195
1,0.227168,0.000105,0.084246,0.000063,0.683572,0.002047,0.124666,0.007096,0.057589,0.000093,0.028320,0.000099,0.247181,0.000093
2,0.413564,0.000104,0.002845,0.000067,0.922331,-0.000042,0.654253,0.010368,0.002624,0.000062,0.270576,0.000066,0.702156,0.000062
3,0.379674,0.000354,0.077871,0.000156,0.551950,-0.005127,0.262415,-0.041840,0.042981,0.000275,0.099632,0.000294,0.492853,0.000275
4,0.273068,0.000090,0.218529,0.000043,0.967503,-0.002098,0.929750,-0.004303,0.211428,0.000045,0.253885,0.000048,0.668561,0.000045
5,0.184884,0.000014,0.108201,0.000015,0.749332,-0.000313,0.285233,-0.000271,0.081078,0.000011,0.052735,0.000012,0.195941,0.000011
6,0.150295,0.000059,0.010901,0.000015,0.101874,0.000066,0.999976,0.000590,0.001111,0.000028,0.150292,0.000030,0.310369,0.000028
7,0.266217,0.000041,0.001954,0.000016,0.392795,-0.000018,0.164756,-0.003260,0.000767,0.000036,0.043861,0.000038,0.313422,0.000036
8,0.218789,0.000004,0.026155,0.000017,0.910812,0.000011,0.236919,0.000118,0.023822,0.000002,0.051835,0.000002,0.268101,0.000002
9,0.144948,0.000053,0.121437,0.000037,0.742966,0.001745,0.141240,-0.000315,0.090224,0.000046,0.020472,0.000049,0.192438,0.000046
10,0.512127,0.000161,0.126817,0.000104,0.903195,0.000824,0.370573,0.023408,0.114541,0.000115,0.189781,0.000123,0.754162,0.000115
11,0.239955,0.000006,0.162520,0.000001,0.731354,0.000030,0.306780,0.000088,0.118860,0.000001,0.073614,0.000001,0.339097,0.000001
12,0.163008,0.000027,0.015233,0.000016,0.290722,-0.000057,0.360704,-0.000127,0.004429,0.000020,0.058798,0.000021,0.224071,0.000020
13,0.124667,0.000111,0.050176,0.000004,0.076683,-0.000674,0.992369,-0.000243,0.003848,0.000055,0.123716,0.000058,0.255313,0.000055
14,0.135919,0.000185,0.061142,0.000155,0.958313,0.002591,0.156089,-0.003110,0.058593,0.000159,0.021215,0.000170,0.155435,0.000159
15,0.165753,0.000044,0.142802,0.000040,0.090282,-0.000496,0.901771,-0.001051,0.012892,0.000022,0.149471,0.000024,0.324870,0.000022
16,0.203589,0.000086,0.007991,0.000045,0.752628,-0.000015,0.418251,-0.003762,0.006014,0.000060,0.085151,0.000065,0.293963,0.000060
17,0.250977,0.000028,0.065589,0.000015,0.155634,0.000188,0.540353,0.001671,0.010208,0.000018,0.135616,0.000019,0.392179,0.000018
18,0.197190,0.000104,0.131212,0.000072,0.722915,-0.000510,0.125824,-0.006108,0.094855,0.000091,0.024811,0.000097,0.265435,0.000091
19,0.131960,0.000079,0.077904,0.000064,0.974943,-0.000731,0.195356,0.001120,0.075952,0.000066,0.025779,0.000071,0.181986,0.000066
20,0.305378,0.000062,0.053556,0.000016,0.495270,-0.000251,0.998454,-0.003544,0.026525,0.000030,0.304906,0.000032,0.633524,0.000030
21,0.138956,0.000076,0.123698,0.000053,0.807793,0.001719,0.146948,0.000931,0.099922,0.000066,0.020419,0.000070,0.198225,0.000066
22,0.163140,0.000075,0.138389,0.000044,0.741047,-0.002211,0.212928,-0.003055,0.102553,0.000058,0.034737,0.000062,0.261777,0.000058
23,0.145546,0.000035,0.090347,0.000021,0.843731,0.000458,0.379822,-0.001025,0.076228,0.000025,0.055281,0.000027,0.229115,0.000025
24,0.173307,0.000145,0.088323,0.000077,0.753434,-0.002809,0.365093,-0.003090,0.066545,0.000103,0.063273,0.000110,0.246891,0.000103
25,0.143675,0.000053,0.105710,0.000007,0.146167,-0.001111,0.218670,-0.000848,0.015451,0.000043,0.031418,0.000046,0.173093,0.000043
26,0.150812,0.000145,0.013216,0.000058,0.800933,0.000123,0.999042,0.000281,0.010585,0.000071,0.150667,0.000076,0.306350,0.000071
27,0.518775,0.000017,0.139139,0.000018,0.960606,0.000353,0.247909,0.003024,0.133658,0.000013,0.128609,0.000014,0.748826,0.000013
28,0.154033,0.000039,0.088538,0.000029,0.875536,-0.000359,0.275089,0.001042,0.077518,0.000026,0.042373,0.000028,0.222944,0.000026
29,0.219395,0.000052,0.083250,0.000030,0.902932,0.000739,0.475056,0.001868,0.075169,0.000034,0.104225,0.000037,0.329545,0.000034
30,0.266820,0.000087,0.172566,0.000043,0.852013,0.001490,0.912129,0.004175,0.147028,0.000045,0.243374,0.000048,0.550445,0.000045
31,0.173403,0.000053,0.099171,0.000027,0.733269,-0.001035,0.334581,-0.001784,0.072719,0.000038,0.058018,0.000040,0.242948,0.000038
32,0.131404,0.000122,0.061193,0.000033,0.552620,-0.000657,0.952829,-0.001781,0.033817,0.000060,0.125205,0.000064,0.266226,0.000060
33,0.185924,0.000166,0.088981,0.000089,0.690474,-0.003243,0.270583,-0.006870,0.061439,0.000128,0.050308,0.000136,0.243278,0.000128
34,0.156968,0.000088,0.016317,0.000023,0.260218,-0.000163,0.477322,-0.000515,0.004246,0.000059,0.074924,0.000063,0.235431,0.000059
35,0.200129,0.000020,0.106628,0.000032,0.624255,-0.000346,0.232369,-0.001170,0.066563,0.000016,0.046504,0.000017,0.263165,0.000016
36,0.192384,0.000010,0.144848,0.000034,0.783913,0.000207,0.171603,0.000314,0.113548,0.000006,0.033014,0.000006,0.271666,0.000006
37,0.379059,0.000070,0.000208,0.000030,0.433133,0.000003,0.172083,-0.007619,0.000090,0.000053,0.065229,0.000056,0.448759,0.000053
38,0.134090,0.000081,0.002039,0.000050,0.914692,-0.000022,0.508990,0.000813,0.001865,0.000053,0.068250,0.000057,0.205957,0.000053
39,0.343597,0.000211,0.002621,0.000088,0.845129,0.000050,0.960223,0.014726,0.002215,0.000105,0.329929,0.000112,0.695820,0.000105
40,0.277248,0.000011,0.109952,0.000009,0.921514,-0.000076,0.599631,0.000374,0.101322,0.000003,0.166246,0.000004,0.451261,0.000003
41,0.156129,0.000037,0.011109,0.000031,0.746622,0.000074,0.056313,0.000630,0.008294,0.000034,0.008792,0.000036,0.161846,0.000034
42,0.211637,0.000145,0.073159,0.000070,0.991334,-0.000114,0.972288,0.004412,0.072525,0.000071,0.205772,0.000076,0.423782,0.000071
43,0.194566,0.000123,0.126648,0.000068,0.867756,0.002211,0.982526,0.002415,0.109899,0.000060,0.191166,0.000064,0.382401,0.000060
44,0.174193,0.000112,0.022322,0.000069,0.771092,-0.000383,0.237324,-0.003656,0.017213,0.000089,0.041340,0.000096,0.214048,0.000089
45,0.246816,0.000087,0.038677,0.000028,0.620284,0.000289,0.999003,0.003595,0.023990,0.000041,0.246570,0.000044,0.507199,0.000041
46,0.409801,0.000103,0.305112,0.000051,0.783066,-0.004961,0.561987,-0.008453,0.238923,0.000063,0.230303,0.000067,0.833802,0.000063
47,0.247622,0.000028,0.119931,0.000033,0.637187,-0.000480,0.157005,-0.001974,0.076419,0.000023,0.038878,0.000025,0.309274,0.000023
48,0.234236,0.000064,0.090894,0.000056,0.917232,-0.000961,0.245731,-0.004596,0.083371,0.000052,0.057559,0.000055,0.305789,0.000052
49,0.144278,0.000048,0.053388,0.000005,0.624204,0.000048,0.382669,-0.000045,0.033325,0.000004,0.055211,0.000004,0.190775,0.000004
50,0.205978,0.000041,0.038316,0.000008,0.231132,-0.000234,0.183353,-0.002226,0.008856,0.000034,0.037767,0.000037,0.244486,0.000034
51,0.137584,0.000011,0.115489,0.000017,0.919252,-0.000259,0.117528,-0.000077,0.106164,0.000008,0.016170,0.000008,0.183192,0.000008
52,0.302993,0.000016,0.045976,0.000012,0.705446,-0.000116,0.069141,-0.001687,0.032434,0.000015,0.020949,0.000016,0.327805,0.000015
53,0.174373,0.000061,0.106033,0.000038,0.633430,0.000788,0.268079,-0.002665,0.067165,0.000049,0.046746,0.000052,0.242691,0.000049
54,0.232661,0.000044,0.027524,0.000006,0.168582,-0.000244,0.203314,0.002290,0.004640,0.000037,0.047303,0.000040,0.285511,0.000037
55,0.261552,0.000037,0.087496,0.000015,0.580879,-0.000345,0.447372,-0.002495,0.050824,0.000025,0.117011,0.000026,0.392539,0.000025
56,0.344093,0.000108,0.073786,0.000054,0.817390,0.001110,0.463019,0.009531,0.060312,0.000066,0.159322,0.000071,0.525552,0.000066
57,0.388320,0.000162,0.096504,0.000099,0.922077,0.001515,0.489715,0.015657,0.088984,0.000101,0.190166,0.000108,0.609517,0.000101
58,0.252451,0.000009,0.109679,0.000012,0.965366,0.000240,0.091499,0.000792,0.105881,0.000008,0.023099,0.000008,0.299633,0.000008
59,0.159158,0.000046,0.078825,0.000009,0.181799,-0.000626,0.080362,-0.001673,0.014330,0.000041,0.012790,0.000044,0.173711,0.000041
60,0.151538,0.000055,0.057986,0.000040,0.972605,-0.000244,0.280371,-0.001555,0.056398,0.000038,0.042487,0.000041,0.212512,0.000038
61,0.156216,0.000008,0.057219,0.000005,0.795883,0.000000,0.806247,0.000001,0.045539,0.000000,0.125949,0.000000,0.291725,0.000000
62,0.292876,0.000135,0.090006,0.000081,0.982290,0.001725,0.609655,-0.010897,0.088412,0.000081,0.178553,0.000087,0.478007,0.000081
63,0.147694,0.000026,0.087365,0.000030,0.861145,0.000059,0.355764,0.000068,0.075234,0.000004,0.052544,0.000005,0.218389,0.000004
64,0.293612,0.000097,0.171581,0.000071,0.945671,-0.003723,0.314930,-0.006745,0.162259,0.000072,0.092467,0.000077,0.462825,0.000072
65,0.307148,0.000007,0.094354,0.000015,0.933961,-0.000110,0.430998,-0.000587,0.088123,0.000005,0.132380,0.000005,0.481004,0.000005
66,0.301755,0.000116,0.104119,0.000084,0.885451,0.000445,0.215366,-0.010688,0.092193,0.000095,0.064988,0.000102,0.368477,0.000095
67,0.188022,0.000068,0.337268,0.000036,0.846136,-0.004617,0.524736,-0.001471,0.285375,0.000044,0.098662,0.000047,0.423363,0.000044
68,0.208633,0.000014,0.002965,0.000008,0.587097,-0.000006,0.593509,-0.000653,0.001741,0.000009,0.123826,0.000009,0.340530,0.000009
69,0.148027,0.000020,0.064960,0.000021,0.028685,0.000035,0.248168,-0.000052,0.001863,0.000005,0.036736,0.000005,0.187201,0.000005
70,0.144126,0.000056,0.000000,0.000038,0.644625,0.000000,0.236387,0.001189,0.000000,0.000045,0.034070,0.000048,0.180525,0.000045
71,0.178224,0.000037,0.060135,0.000025,0.931127,0.000309,0.930046,0.000998,0.055993,0.000019,0.165756,0.000020,0.361323,0.000019
72,0.213857,0.000020,0.049742,0.000006,0.981239,0.000052,0.981158,0.000318,0.048808,0.000005,0.209828,0.000005,0.442042,0.000005
73,0.351334,0.000047,0.103013,0.000010,0.151378,-0.000592,0.237547,-0.006056,0.015594,0.000037,0.083458,0.000040,0.439923,0.000037
74,0.375735,0.000257,0.042986,0.000191,0.990823,0.000928,0.336057,-0.026216,0.042591,0.000191,0.126268,0.000204,0.511195,0.000191
75,0.184323,0.000010,0.037419,0.000002,0.665836,0.000023,0.778276,0.000157,0.024915,0.000003,0.143454,0.000003,0.329956,0.000003
76,0.224247,0.000014,0.078676,0.000010,0.999477,0.000129,0.999310,0.000455,0.078635,0.000007,0.224092,0.000007,0.480808,0.000007
77,0.251061,0.000041,0.125783,0.000028,0.910125,-0.000870,0.421507,-0.002802,0.114478,0.000028,0.105824,0.000030,0.423740,0.000028
78,0.186933,0.000094,0.064325,0.000073,0.927551,-0.000056,0.173222,-0.004087,0.059665,0.000079,0.032381,0.000085,0.231261,0.000079
79,0.267356,0.000194,0.005254,0.000050,0.309522,-0.000126,0.202125,-0.015676,0.001626,0.000160,0.054039,0.000171,0.325174,0.000160
80,0.161644,0.000019,0.097175,0.000014,0.724914,-0.000169,0.112337,-0.000466,0.070443,0.000010,0.018159,0.000011,0.207075,0.000010
81,0.339948,0.000019,0.208785,0.000011,0.045606,-0.000778,0.097868,-0.002626,0.009522,0.000017,0.033270,0.000018,0.378434,0.000017
82,0.296427,0.000120,0.083590,0.000090,0.904060,-0.001959,0.224303,-0.010516,0.075571,0.000095,0.066489,0.000102,0.395453,0.000095
83,0.230015,0.000093,0.116422,0.000058,0.698200,0.000321,0.103881,-0.007086,0.081286,0.000083,0.023894,0.000089,0.277970,0.000083
84,0.137264,0.000039,0.086469,0.000018,0.908739,-0.000486,0.998291,-0.000551,0.078578,0.000019,0.137029,0.000021,0.299088,0.000019
85,0.277350,0.000017,0.120320,0.000018,0.921393,0.000297,0.328445,0.001487,0.110862,0.000013,0.091094,0.000013,0.413656,0.000013
86,0.173197,0.000011,0.178838,0.000014,0.940094,0.000219,0.359793,0.000169,0.168125,0.000004,0.062315,0.000004,0.325772,0.000004
87,0.217626,0.000149,0.013589,0.000088,0.630578,-0.000477,0.078012,-0.009860,0.008569,0.000139,0.016977,0.000148,0.234313,0.000139
88,0.254167,0.000034,0.197972,0.000022,0.550166,-0.001156,0.409949,-0.001871,0.108918,0.000024,0.104195,0.000025,0.395627,0.000024
89,0.214539,0.000243,0.062500,0.000127,0.846303,0.001852,0.573961,0.009096,0.052894,0.000150,0.123137,0.000160,0.325597,0.000150
90,0.166086,0.000058,0.032725,0.000016,0.155944,-0.000019,0.150767,-0.002911,0.005103,0.000051,0.025040,0.000055,0.194232,0.000051
91,0.365225,0.000116,0.159267,0.000071,0.658476,0.002992,0.245371,0.013397,0.104874,0.000090,0.089616,0.000097,0.508227,0.000090
92,0.244370,0.000067,0.033378,0.000012,0.121489,-0.000013,0.999864,-0.002606,0.004055,0.000032,0.244336,0.000035,0.506409,0.000032
93,0.254615,0.000045,0.112240,0.000037,0.885433,-0.000119,0.473912,0.002512,0.099381,0.000029,0.120665,0.000031,0.353601,0.000029
94,0.248157,0.000004,0.058335,0.000014,0.871669,0.000014,0.158843,-0.000343,0.050849,0.000004,0.039418,0.000004,0.294855,0.000004
95,0.187640,0.000034,0.010365,0.000011,0.621497,-0.000014,0.307810,-0.000458,0.006442,0.000017,0.057758,0.000018,0.248985,0.000017
96,0.264889,0.000118,0.143456,0.000058,0.736557,0.002041,0.486123,0.006910,0.105664,0.000077,0.128769,0.000083,0.438462,0.000077
97,0.277646,0.000414,0.041177,0.000226,0.774504,0.002135,0.394177,0.030232,0.031892,0.000292,0.109442,0.000312,0.393973,0.000292
98,0.165914,0.000026,0.044778,0.000015,0.670445,0.000002,0.567228,0.000237,0.030021,0.000007,0.094111,0.000008,0.271224,0.000007
99,0.175635,0.000057,0.004910,0.000045,0.938180,-0.000008,0.204023,-0.001636,0.004606,0.000046,0.035834,0.000050,0.212319,0.000046
100,0.206127,0.000049,0.138705,0.000033,0.929458,0.001500,0.369106,0.002114,0.128921,0.000035,0.076083,0.000037,0.331940,0.000035
101,0.164190,0.000122,0.106872,0.000090,0.913486,0.000304,0.215433,0.002613,0.097626,0.000098,0.035372,0.000105,0.240713,0.000098
102,0.294838,0.000086,0.166950,0.000008,0.182747,-0.001141,0.983120,-0.004645,0.030510,0.000043,0.289861,0.000046,0.612219,0.000043
103,0.197557,0.000036,0.101825,0.000026,0.882663,-0.000739,0.215090,-0.001747,0.089877,0.000029,0.042493,0.000031,0.243206,0.000029
104,0.302773,0.000142,0.085507,0.000089,0.836243,0.001996,0.313229,0.011333,0.071505,0.000105,0.094837,0.000113,0.417211,0.000105
105,0.176832,0.000023,0.000000,0.000028,0.905747,-0.000000,0.279569,-0.000136,0.000000,0.000003,0.049437,0.000003,0.229649,0.000003
106,0.163447,0.000053,0.012680,0.000007,0.225595,0.000081,0.764520,0.000755,0.002860,0.000029,0.124958,0.000031,0.296229,0.000029
107,0.215672,0.000008,0.035548,0.000018,0.098302,-0.000014,0.297625,-0.000137,0.003494,0.000002,0.064189,0.000002,0.283663,0.000002
108,0.217009,0.000063,0.050551,0.000028,0.597618,0.000279,0.987297,0.002448,0.030210,0.000031,0.214253,0.000033,0.448309,0.000031
109,0.429092,0.000067,0.001290,0.000049,0.940394,-0.000017,0.202265,0.009010,0.001213,0.000052,0.086790,0.000055,0.521538,0.000052
110,0.165928,0.000042,0.093990,0.000019,0.895370,-0.000419,0.853859,-0.000947,0.084156,0.000021,0.141679,0.000022,0.341505,0.000021
111,0.180608,0.000159,0.070925,0.000100,0.914734,0.002094,0.408456,0.005232,0.064878,0.000108,0.073771,0.000115,0.260066,0.000108
112,0.157027,0.000092,0.109060,0.000011,0.002508,0.000074,0.276226,0.003119,0.000273,0.000071,0.043375,0.000076,0.203389,0.000071
113,0.190905,0.000042,0.103955,0.000019,0.741772,0.000522,0.509140,0.001207,0.077111,0.000021,0.097197,0.000023,0.297640,0.000021
114,0.161765,0.000124,0.084036,0.000063,0.825591,0.000222,0.610331,-0.002228,0.069379,0.000074,0.098730,0.000080,0.296321,0.000074
115,0.321284,0.000069,0.114172,0.000049,0.761296,-0.001845,0.087100,-0.007967,0.086919,0.000065,0.027984,0.000070,0.392136,0.000065
116,0.254146,0.000061,0.094101,0.000039,0.765523,-0.000282,0.186031,-0.004876,0.072036,0.000050,0.047279,0.000054,0.330800,0.000050
117,0.154136,0.000035,0.033438,0.000035,0.948808,0.000120,0.296425,-0.000253,0.031727,0.000027,0.045690,0.000029,0.224834,0.000027
118,0.219885,0.000059,0.006719,0.000036,0.727485,0.000026,0.230447,-0.005507,0.004888,0.000050,0.050672,0.000053,0.273520,0.000050
119,0.320487,0.000062,0.135152,0.000038,0.794922,0.001825,0.240177,0.006811,0.107435,0.000049,0.076973,0.000052,0.431269,0.000049
120,0.211626,0.000022,0.013593,0.000012,0.807337,0.000023,0.210568,-0.001096,0.010974,0.000015,0.044562,0.000016,0.262487,0.000015
121,0.221006,0.000009,0.056303,0.000019,0.729107,0.000046,0.586303,0.000377,0.041051,0.000005,0.129576,0.000005,0.364984,0.000005
122,0.431931,0.000035,0.075513,0.000031,0.617005,-0.000544,0.050518,-0.006284,0.046592,0.000034,0.021820,0.000036,0.466877,0.000034
123,0.220373,0.000051,0.167515,0.000026,0.712313,0.001299,0.249684,0.002492,0.119323,0.000027,0.055023,0.000029,0.342728,0.000027
124,0.168753,0.000004,0.073967,0.000025,0.793920,-0.000029,0.097036,0.000136,0.058724,0.000003,0.016375,0.000003,0.210277,0.000003
125,0.154515,0.000204,0.011075,0.000044,0.257950,0.000238,0.185925,0.004077,0.002857,0.000171,0.028728,0.000183,0.184313,0.000171
126,0.253103,0.000032,0.208220,0.000020,0.866037,-0.001083,0.107439,-0.001632,0.180327,0.000020,0.027193,0.000021,0.386702,0.000020
127,0.235318,0.000128,0.000115,0.000085,0.926419,0.000002,0.356759,0.006071,0.000106,0.000093,0.083952,0.000099,0.325004,0.000093
128,0.197844,0.000140,0.093922,0.000098,0.966308,-0.001949,0.346423,-0.007271,0.090758,0.000102,0.068538,0.000109,0.307226,0.000102
129,0.223100,0.000072,0.008437,0.000030,0.459385,-0.000090,0.259090,-0.002930,0.003876,0.000057,0.057803,0.000061,0.282843,0.000057
130,0.334381,0.000177,0.110595,0.000090,0.993387,-0.002107,0.917397,-0.011719,0.109864,0.000090,0.306760,0.000096,0.671992,0.000090
131,0.126272,0.000081,0.049494,0.000004,0.004666,-0.000302,0.014101,0.001248,0.000231,0.000081,0.001781,0.000086,0.128127,0.000081
132,0.319542,0.000052,0.085463,0.000023,0.658832,-0.000570,0.673952,-0.004161,0.056306,0.000030,0.215356,0.000033,0.573171,0.000030
133,0.302403,0.000222,0.300793,0.000156,0.911052,0.014685,0.409310,0.014948,0.274038,0.000153,0.123776,0.000164,0.630070,0.000153
134,0.192647,0.000049,0.000106,0.000033,0.890302,-0.000000,0.247374,-0.001476,0.000094,0.000025,0.047656,0.000027,0.243553,0.000025
135,0.214200,0.000088,0.067380,0.000075,0.909933,-0.000948,0.098392,-0.006405,0.061311,0.000080,0.021075,0.000085,0.243663,0.000080
136,0.187309,0.000013,0.035016,0.000015,0.900079,-0.000078,0.412140,-0.000299,0.031517,0.000009,0.077198,0.000009,0.260809,0.000009
137,0.130591,0.000158,0.067546,0.000028,0.245364,0.001685,0.613006,0.000930,0.016573,0.000094,0.080053,0.000101,0.210665,0.000094
138,0.233482,0.000218,0.128268,0.000058,0.389721,0.003427,0.960609,0.009227,0.049989,0.000107,0.224285,0.000114,0.498322,0.000107
139,0.223287,0.000065,0.251569,0.000046,0.973408,-0.002898,0.719158,-0.002447,0.244880,0.000037,0.160579,0.000039,0.505190,0.000037
140,0.424721,0.000099,0.000254,0.000047,0.857312,0.000001,0.882050,0.008900,0.000218,0.000051,0.374626,0.000054,0.825013,0.000051
141,0.182509,0.000073,0.128358,0.000046,0.874963,0.001688,0.380819,0.002769,0.112309,0.000053,0.069503,0.000057,0.278618,0.000053
142,0.142579,0.000032,0.086675,0.000015,0.602299,-0.000341,0.285282,-0.000987,0.052204,0.000024,0.040675,0.000026,0.194389,0.000024
143,0.356116,0.000028,0.003972,0.000021,0.880348,-0.000022,0.243976,0.002955,0.003496,0.000021,0.086884,0.000023,0.448087,0.000021
144,0.295284,0.000012,0.023477,0.000011,0.085556,-0.000001,0.422761,0.000966,0.002009,0.000008,0.124835,0.000009,0.428898,0.000008
145,0.211373,0.000125,0.090284,0.000052,0.353960,-0.002829,0.114611,-0.003996,0.031957,0.000114,0.024226,0.000121,0.217139,0.000114
146,0.280702,0.000012,0.010105,0.000011,0.850110,-0.000019,0.121544,-0.000892,0.008590,0.000009,0.034118,0.000010,0.318271,0.000009
147,0.281053,0.000032,0.094518,0.000007,0.129415,-0.000371,0.169050,-0.002968,0.012232,0.000028,0.047512,0.000030,0.331296,0.000028
148,0.363851,0.000049,0.109422,0.000008,0.285752,-0.000621,0.593851,-0.004703,0.031268,0.000029,0.216073,0.000031,0.602265,0.000029
149,0.187470,0.000062,0.132750,0.000043,0.802334,0.000796,0.165909,0.002425,0.106510,0.000044,0.031103,0.000047,0.273973,0.000044
150,0.267406,0.000045,0.000650,0.000007,0.339256,0.000002,0.976612,0.002005,0.000221,0.000020,0.261151,0.000021,0.546399,0.000020
151,0.350537,0.000188,0.027859,0.000058,0.590640,0.000065,0.912635,-0.015033,0.016455,0.000095,0.319912,0.000101,0.696822,0.000095
152,0.230057,0.000078,0.074397,0.000044,0.901534,-0.000826,0.574355,-0.003837,0.067071,0.000049,0.132135,0.000052,0.377953,0.000049
153,0.144457,0.000059,0.003435,0.000034,0.732757,0.000008,0.280920,0.000873,0.002517,0.000046,0.040581,0.000049,0.188182,0.000046
154,0.160990,0.000229,0.048595,0.000110,0.592137,0.001740,0.213481,0.006765,0.028775,0.000186,0.034368,0.000199,0.192233,0.000186
155,0.163592,0.000155,0.085705,0.000102,0.922354,0.001770,0.353399,-0.006070,0.079050,0.000111,0.057813,0.000119,0.234249,0.000111
156,0.238596,0.000107,0.081356,0.000060,0.769197,0.001640,0.354028,0.006766,0.062579,0.000079,0.084470,0.000084,0.332133,0.000079
157,0.153831,0.000108,0.120482,0.000076,0.925829,0.000753,0.293891,0.002251,0.111546,0.000082,0.045210,0.000087,0.235095,0.000082
158,0.278238,0.000083,0.007134,0.000044,0.926317,0.000086,0.721004,0.004320,0.006608,0.000047,0.200611,0.000051,0.492973,0.000047
159,0.155477,0.000019,0.000629,0.000003,0.675548,0.000000,0.140957,0.000015,0.000425,0.000000,0.021916,0.000000,0.178866,0.000000
160,0.446099,0.000015,0.133362,0.000003,0.734539,0.000004,0.137666,0.000042,0.097960,0.000000,0.061413,0.000000,0.546427,0.000000
161,0.241553,0.000056,0.044900,0.000010,0.222214,0.000472,0.184120,0.004166,0.009977,0.000046,0.044475,0.000049,0.288031,0.000046
162,0.149773,0.000349,0.124879,0.000021,0.082622,-0.007058,0.349356,-0.013380,0.010318,0.000255,0.052324,0.000272,0.208605,0.000255
163,0.196306,0.000099,0.070038,0.000011,0.129371,0.001250,0.252384,0.004341,0.009061,0.000078,0.049545,0.000083,0.248131,0.000078
164,0.459938,0.000159,0.113103,0.000091,0.837408,-0.003101,0.417699,-0.018178,0.094713,0.000110,0.192116,0.000117,0.733368,0.000110
165,0.133026,0.000120,0.065563,0.000024,0.155607,-0.000846,0.999631,-0.000538,0.010202,0.000059,0.132977,0.000063,0.270080,0.000059
166,0.168694,0.000192,0.021738,0.000060,0.382250,0.000428,0.194677,0.007936,0.008309,0.000159,0.032841,0.000170,0.203887,0.000159
167,0.363760,0.000016,0.040488,0.000030,0.447633,-0.000031,0.191144,-0.002299,0.018124,0.000014,0.069531,0.000015,0.434479,0.000014
168,0.210500,0.000036,0.143002,0.000018,0.859125,-0.000723,0.280744,-0.001137,0.122857,0.000021,0.059097,0.000022,0.245972,0.000021
169,0.200050,0.000084,0.182661,0.000057,0.850160,-0.003856,0.225405,-0.004609,0.155291,0.000068,0.045092,0.000073,0.335030,0.000068
170,0.335706,0.000064,0.079906,0.000017,0.371988,0.000681,0.511238,0.006065,0.029724,0.000042,0.171626,0.000044,0.522139,0.000042
171,0.181612,0.000057,0.059164,0.000007,0.012479,-0.000299,0.239119,0.002830,0.000738,0.000047,0.043427,0.000050,0.228189,0.000047
172,0.212038,0.000035,0.118213,0.000027,0.775004,0.000134,0.220702,0.001652,0.091616,0.000022,0.046797,0.000024,0.284953,0.000022
173,0.136766,0.000046,0.127356,0.000015,0.457673,-0.001513,0.257552,0.000443,0.058288,0.000035,0.035224,0.000037,0.159907,0.000035
174,0.205725,0.000062,0.017423,0.000034,0.594986,0.000123,0.116837,0.003256,0.010366,0.000054,0.024036,0.000058,0.231921,0.000054
175,0.367865,0.000063,0.001258,0.000014,0.250597,-0.000009,0.664354,-0.005645,0.000315,0.000037,0.244393,0.000040,0.629050,0.000037
176,0.155195,0.000040,0.086883,0.000039,0.956400,0.000685,0.413815,0.000592,0.083095,0.000028,0.064222,0.000030,0.200331,0.000028
177,0.194497,0.000040,0.068063,0.000023,0.744426,0.000099,0.233284,-0.002029,0.050668,0.000032,0.045373,0.000034,0.256077,0.000032
178,0.291255,0.000021,0.000372,0.000011,0.834865,-0.000001,0.254014,-0.001219,0.000310,0.000010,0.073983,0.000010,0.370272,0.000010
179,0.372039,0.000073,0.039387,0.000038,0.549802,-0.000344,0.058055,-0.010650,0.021655,0.000069,0.021599,0.000074,0.401193,0.000069
180,0.183941,0.000018,0.046720,0.000006,0.336123,-0.000185,0.146084,-0.000998,0.015704,0.000016,0.026871,0.000017,0.213666,0.000016
181,0.168766,0.000111,0.053961,0.000024,0.256698,-0.000843,0.190626,-0.003427,0.013852,0.000093,0.032171,0.000100,0.201092,0.000093
182,0.162261,0.000374,0.074863,0.000258,0.831018,0.006033,0.194315,0.010346,0.062212,0.000312,0.031530,0.000333,0.187142,0.000312
183,0.364111,0.000054,0.039533,0.000024,0.419653,0.000215,0.053283,0.007352,0.016590,0.000051,0.019401,0.000054,0.386057,0.000051
184,0.245602,0.000008,0.004024,0.000001,0.555766,0.000000,0.185348,0.000048,0.002236,0.000001,0.045522,0.000001,0.294376,0.000001
185,0.388692,0.000077,0.153921,0.000014,0.221232,0.001482,0.279129,0.010647,0.034052,0.000059,0.108495,0.000063,0.509775,0.000059
186,0.407882,0.000028,0.089308,0.000011,0.697358,0.000089,0.796405,0.002655,0.062280,0.000015,0.324839,0.000016,0.767602,0.000015
187,0.233080,0.000049,0.007410,0.000032,0.706828,-0.000053,0.096862,0.003981,0.005238,0.000045,0.022577,0.000048,0.257433,0.000045
188,0.186864,0.000030,0.034221,0.000018,0.669725,0.000073,0.429164,0.001157,0.022919,0.000021,0.080196,0.000022,0.267615,0.000021
189,0.259613,0.000158,0.093435,0.000083,0.946459,0.001803,0.750200,0.008425,0.088433,0.000088,0.194762,0.000095,0.496173,0.000088
190,0.237512,0.000003,0.236707,0.000024,0.962736,0.000022,0.614396,0.000016,0.227887,0.000000,0.145927,0.000000,0.465291,0.000000
191,0.161648,0.000066,0.187367,0.000040,0.803582,0.002440,0.426338,0.002069,0.150565,0.000046,0.068917,0.000049,0.314936,0.000046
